1 0.445219 0.185586 0.114407 0.299023
2 0.068071 0.180410 0.136143 0.360819
3 0.216998 0.112097 0.094104 0.203454
0 0.444249 0.649859 0.156394 0.274523
0 0.087693 0.386914 0.115635 0.169051
0 0.050791 0.552289 0.101582 0.203347
0 0.251129 0.503900 0.132429 0.194773
0 0.431362 0.408352 0.114341 0.187426
0 0.433945 0.917632 0.217700 0.164736
0 0.279877 0.352613 0.114988 0.161699
0 0.311853 0.257676 0.097544 0.158028
0 0.341896 0.131502 0.073635 0.111477
0 0.350936 0.043914 0.056848 0.078403
0 0.279553 0.027470 0.049741 0.054940
