2 0.083934 0.137319 0.167869 0.274639
2 0.714231 0.410287 0.280698 0.692370
3 0.137487 0.840750 0.207830 0.318500
3 0.435161 0.076887 0.083799 0.153773
3 0.080509 0.427926 0.152791 0.257250
1 0.179347 0.159653 0.121008 0.282241
0 0.035817 0.644750 0.071633 0.232259
0 0.217719 0.595505 0.141936 0.251370
0 0.416943 0.536706 0.129536 0.245486
0 0.435548 0.290481 0.098528 0.161704
0 0.258804 0.395588 0.129536 0.257250
0 0.294744 0.277840 0.103740 0.176042
0 0.318265 0.193655 0.084739 0.138829
3 0.258296 0.070780 0.063242 0.118745
0 0.334304 0.137829 0.076958 0.101611
0 0.342721 0.079345 0.068225 0.076801
0 0.345680 0.031993 0.057322 0.063986
0 0.165819 0.315472 0.104651 0.169046
