2 0.678325 0.299021 0.228682 0.520745
2 0.096117 0.124606 0.171873 0.249213
4 0.436586 0.647065 0.071340 0.250481
0 0.442828 0.358347 0.106208 0.176519
0 0.432921 0.226845 0.085647 0.121931
0 0.434031 0.146583 0.075547 0.105843
0 0.436498 0.080616 0.067498 0.094028
0 0.195023 0.641275 0.157014 0.266431
0 0.252152 0.463623 0.124490 0.187153
0 0.093644 0.451569 0.131965 0.191407
3 0.159010 0.267028 0.109661 0.176046
0 0.279355 0.325238 0.106699 0.158523
0 0.318687 0.237609 0.088267 0.130949
0 0.326215 0.158843 0.073210 0.108306
0 0.207963 0.200935 0.082815 0.117667
0 0.338026 0.099028 0.068796 0.130463
3 0.352310 0.053574 0.066191 0.107148
0 0.223837 0.135653 0.072976 0.096491
3 0.253575 0.087667 0.069055 0.113741
