2 0.080486 0.160778 0.160972 0.321556
3 0.100099 0.398590 0.121497 0.207356
3 0.263442 0.363028 0.143555 0.263009
3 0.213864 0.157924 0.077019 0.136616
3 0.246639 0.072917 0.085457 0.145833
0 0.555187 0.053465 0.065120 0.106931
0 0.453741 0.730315 0.156609 0.271370
0 0.130968 0.823685 0.195637 0.352630
0 0.053832 0.539759 0.107664 0.194806
0 0.219344 0.603986 0.142703 0.238194
0 0.440349 0.471243 0.120737 0.204949
0 0.435573 0.272819 0.100657 0.155963
0 0.445254 0.177799 0.080068 0.112449
0 0.438243 0.111206 0.070491 0.101912
0 0.149679 0.263014 0.099690 0.181167
0 0.305890 0.277731 0.089050 0.138333
0 0.316532 0.192565 0.086970 0.132426
0 0.326611 0.130301 0.064722 0.095046
