2 0.072693 0.161931 0.145386 0.323861
2 0.711946 0.405141 0.277524 0.677671
1 0.186362 0.155243 0.128682 0.271949
3 0.078998 0.430866 0.154265 0.264602
3 0.141400 0.833769 0.204651 0.332463
0 0.038530 0.636667 0.077061 0.220500
3 0.433262 0.058880 0.076743 0.117759
0 0.213882 0.598444 0.144961 0.244019
0 0.424346 0.416900 0.116279 0.221968
0 0.437137 0.204486 0.081394 0.135241
0 0.257292 0.399262 0.132559 0.251366
0 0.165819 0.310333 0.101550 0.161685
0 0.295836 0.275595 0.104675 0.166597
0 0.317332 0.195252 0.086606 0.140597
0 0.333375 0.138245 0.071965 0.106926
0 0.344122 0.082419 0.067292 0.096884
0 0.346926 0.032644 0.058569 0.065287
3 0.258296 0.070896 0.066357 0.115199
