2 0.603853 0.089139 0.104580 0.178278
0 0.433207 0.838924 0.172322 0.318088
0 0.194821 0.657856 0.156194 0.254472
0 0.057749 0.500037 0.115498 0.225111
0 0.152239 0.299938 0.104580 0.150588
0 0.281594 0.339095 0.112969 0.162838
0 0.437401 0.210637 0.080066 0.128579
0 0.315143 0.224093 0.087161 0.162833
0 0.202885 0.207579 0.085872 0.112676
0 0.219982 0.126222 0.074905 0.086981
0 0.338369 0.108481 0.065225 0.095546
0 0.459014 0.046931 0.057485 0.093861
0 0.251918 0.072391 0.066516 0.094329
0 0.355463 0.040208 0.060706 0.080417
