2 0.617990 0.148623 0.167312 0.297245
3 0.142834 0.834870 0.203179 0.330259
3 0.085458 0.418537 0.148938 0.257759
1 0.185908 0.148308 0.129570 0.249597
0 0.214000 0.595938 0.143250 0.238875
0 0.258413 0.400449 0.130869 0.264398
0 0.163666 0.310616 0.099646 0.162315
0 0.295828 0.276931 0.105566 0.184769
0 0.439701 0.115352 0.069783 0.121167
0 0.317892 0.191294 0.085359 0.138236
3 0.255898 0.066319 0.071025 0.116435
0 0.333312 0.130444 0.073210 0.095704
0 0.342749 0.077308 0.066655 0.077125
0 0.345562 0.029424 0.057568 0.058847
3 0.430596 0.033938 0.060576 0.067875
0 0.035190 0.641468 0.070381 0.224176
