1 0.443798 0.235505 0.127971 0.322176
3 0.125646 0.301653 0.138953 0.278074
0 0.441859 0.733465 0.166731 0.281745
0 0.053956 0.500718 0.107913 0.196000
0 0.031992 0.665479 0.063984 0.233977
3 0.264857 0.047009 0.076292 0.094019
0 0.206394 0.158329 0.076938 0.121278
0 0.187333 0.247141 0.075007 0.129847
0 0.429264 0.493977 0.124739 0.211926
0 0.243539 0.541141 0.137014 0.215597
0 0.267765 0.391692 0.123450 0.169051
0 0.302971 0.286944 0.098257 0.155556
0 0.328915 0.197882 0.086453 0.126523
0 0.329875 0.125366 0.066719 0.091074
0 0.340129 0.075398 0.064902 0.084676
