2 0.085665 0.133833 0.171331 0.267667
2 0.713920 0.404113 0.282249 0.676199
3 0.438339 0.126356 0.094314 0.187426
1 0.185432 0.155144 0.133721 0.276852
3 0.078411 0.431993 0.155259 0.274403
3 0.116635 0.881370 0.220930 0.237259
0 0.409591 0.730280 0.158269 0.297671
0 0.431233 0.373192 0.111113 0.181301
0 0.036359 0.640252 0.072717 0.217458
0 0.211605 0.615181 0.143196 0.245102
0 0.257902 0.397743 0.130276 0.251227
0 0.162618 0.311535 0.097976 0.164356
0 0.294882 0.277604 0.105798 0.178644
0 0.318245 0.196787 0.086733 0.147454
0 0.332510 0.135780 0.072686 0.100940
0 0.342684 0.081699 0.067737 0.090667
3 0.254962 0.070007 0.071838 0.116514
0 0.345378 0.032336 0.056250 0.064671
0 0.426421 0.029669 0.057764 0.059338
