2 0.085881 0.134037 0.171763 0.268074
2 0.714373 0.404919 0.280361 0.676199
3 0.438210 0.181972 0.098838 0.213148
3 0.077793 0.430032 0.155586 0.265824
0 0.427228 0.478421 0.123386 0.208250
0 0.184333 0.709944 0.163438 0.281750
0 0.036772 0.638896 0.073545 0.210699
0 0.256362 0.403083 0.131782 0.263370
1 0.185477 0.147801 0.130881 0.259463
0 0.162113 0.308725 0.099104 0.155958
0 0.296135 0.278951 0.103965 0.177227
0 0.317444 0.195299 0.086021 0.140366
0 0.332344 0.135197 0.071846 0.102153
0 0.343162 0.078377 0.066655 0.083690
0 0.429384 0.061350 0.065984 0.086560
3 0.256628 0.067093 0.067944 0.116102
0 0.345879 0.032662 0.056807 0.065324
