2 0.677518 0.297671 0.226809 0.526870
2 0.132416 0.086574 0.159729 0.173148
3 0.146467 0.299285 0.116816 0.199060
4 0.411057 0.888262 0.092593 0.223477
0 0.172334 0.735894 0.172856 0.302167
0 0.060735 0.551007 0.121470 0.216218
0 0.252158 0.462100 0.123677 0.183727
0 0.441243 0.436104 0.116855 0.194356
0 0.431913 0.279553 0.093772 0.141190
0 0.433711 0.183933 0.082861 0.116921
0 0.436848 0.107831 0.072690 0.098458
0 0.499480 0.030532 0.059927 0.061065
3 0.352777 0.056479 0.063606 0.112958
0 0.338282 0.099340 0.067068 0.130458
0 0.327397 0.158333 0.076016 0.107324
0 0.318516 0.240563 0.089722 0.133514
0 0.280040 0.325338 0.107478 0.154185
0 0.207184 0.196947 0.083855 0.109782
0 0.224580 0.135160 0.071396 0.092551
3 0.253523 0.085440 0.068018 0.112241
