2 0.712887 0.410250 0.278425 0.665296
3 0.415414 0.769713 0.204119 0.460574
1 0.177329 0.167910 0.136763 0.273505
3 0.042393 0.596755 0.084785 0.319722
0 0.244346 0.476032 0.142119 0.257370
0 0.120316 0.394630 0.114988 0.180074
0 0.427832 0.276481 0.097822 0.160093
0 0.472848 0.158919 0.078196 0.115199
0 0.447302 0.080350 0.068228 0.109292
0 0.316505 0.198572 0.087229 0.148181
0 0.332212 0.135065 0.072949 0.104861
0 0.342076 0.079188 0.067239 0.084671
0 0.238492 0.139002 0.059968 0.108801
3 0.257794 0.066711 0.066873 0.112819
