0 0.326323 0.161514 0.073643 0.111472
0 0.289178 0.271764 0.094963 0.145778
0 0.246543 0.459801 0.124678 0.205796
0 0.172899 0.737875 0.164729 0.276852
0 0.119604 0.372213 0.113696 0.167824
0 0.201001 0.195815 0.086563 0.131074
0 0.236207 0.114352 0.070413 0.105352
3 0.441633 0.309127 0.104004 0.186199
3 0.266245 0.047988 0.062017 0.095977
3 0.049143 0.611088 0.098286 0.273176
0 0.624126 0.472664 0.129199 0.207023
2 0.618959 0.185188 0.169250 0.370375
2 0.072400 0.176000 0.144800 0.352000
0 0.427421 0.581076 0.145349 0.242551
0 0.439373 0.190303 0.086562 0.124949
0 0.440015 0.098428 0.069775 0.088199
0 0.341505 0.086178 0.067830 0.095551
