0 0.266663 0.374539 0.115166 0.163986
0 0.323680 0.191345 0.068997 0.124792
1 0.341676 0.082144 0.084421 0.159880
0 0.243986 0.142602 0.059734 0.089704
0 0.194631 0.204995 0.090591 0.124796
0 0.154015 0.294690 0.101902 0.132593
0 0.098488 0.395111 0.122468 0.161843
0 0.050555 0.568653 0.101111 0.204741
0 0.435249 0.425236 0.115269 0.191287
0 0.259928 0.069475 0.068997 0.103347
0 0.442961 0.279968 0.085449 0.134741
0 0.439873 0.184428 0.083389 0.103551
1 0.151958 0.733424 0.254087 0.503079
0 0.279465 0.246919 0.091621 0.126745
