3 0.249449 0.077602 0.065891 0.120046
3 0.437111 0.386914 0.115632 0.202125
2 0.071753 0.176613 0.143506 0.353227
0 0.438726 0.257062 0.096899 0.145773
0 0.424514 0.734201 0.166665 0.316051
2 0.618959 0.185188 0.169250 0.370375
0 0.320833 0.160289 0.078164 0.116375
1 0.351194 0.050440 0.076875 0.100880
0 0.624451 0.470826 0.131138 0.203347
0 0.298223 0.276049 0.088501 0.147005
0 0.250742 0.414477 0.116279 0.183750
0 0.169669 0.764826 0.173772 0.291551
0 0.045591 0.621500 0.091182 0.225398
0 0.138339 0.331789 0.108528 0.160477
0 0.203584 0.179889 0.083979 0.126176
0 0.442279 0.083113 0.061370 0.096773
0 0.437434 0.162738 0.082686 0.099227
