0 0.260956 0.066454 0.068997 0.109389
0 0.435819 0.405836 0.116204 0.198894
1 0.149902 0.737322 0.254087 0.503079
0 0.269182 0.384289 0.114243 0.171792
0 0.281058 0.254718 0.096658 0.122843
0 0.438900 0.185495 0.081233 0.105296
0 0.441985 0.268368 0.085347 0.103347
0 0.328873 0.167947 0.066838 0.101394
1 0.342755 0.082148 0.084319 0.152093
0 0.108822 0.381463 0.124421 0.181343
0 0.157665 0.292741 0.096658 0.144296
0 0.243527 0.138697 0.068894 0.113097
0 0.194684 0.204993 0.086375 0.140394
0 0.061353 0.527706 0.122705 0.196940
