0 0.228778 0.138852 0.072351 0.112704
0 0.260432 0.075153 0.060723 0.102898
1 0.339565 0.069426 0.092378 0.138852
2 0.086935 0.125162 0.173870 0.250324
2 0.628326 0.206014 0.177649 0.412028
0 0.449708 0.088627 0.067185 0.100449
0 0.451969 0.204377 0.085916 0.126153
0 0.660948 0.811375 0.193796 0.289102
0 0.324644 0.165551 0.079458 0.107787
0 0.253326 0.468988 0.121448 0.187421
0 0.316957 0.237463 0.083333 0.126176
0 0.142216 0.856074 0.175710 0.287852
0 0.095057 0.440812 0.130491 0.197227
0 0.181298 0.222150 0.087209 0.124949
3 0.437758 0.501451 0.132429 0.264597
