0 0.113518 0.893782 0.199658 0.212435
0 0.101522 0.384583 0.125964 0.188491
0 0.246338 0.109157 0.062554 0.089370
0 0.266902 0.052282 0.050557 0.079620
2 0.629800 0.215366 0.185947 0.430731
3 0.433141 0.535458 0.140530 0.261778
3 0.197065 0.192028 0.090830 0.160870
0 0.439139 0.242238 0.092546 0.133245
0 0.438710 0.360859 0.112253 0.172245
0 0.418574 0.864859 0.202227 0.270282
0 0.038452 0.646981 0.076904 0.225398
0 0.471898 0.038065 0.047224 0.076130
0 0.448566 0.137431 0.063411 0.105620
2 0.072766 0.178671 0.145532 0.356833
0 0.657648 0.641079 0.159382 0.261778
0 0.423717 0.077306 0.059988 0.115370
1 0.326886 0.130280 0.107112 0.196616
0 0.288754 0.355333 0.104543 0.185241
0 0.227485 0.561699 0.136245 0.224241
