0 0.204553 0.183562 0.084624 0.116375
0 0.353455 0.050662 0.058140 0.093083
0 0.243636 0.102102 0.069768 0.100454
0 0.448643 0.062044 0.062725 0.104125
0 0.328907 0.122928 0.069768 0.112699
0 0.297576 0.252775 0.092378 0.144551
0 0.260109 0.397933 0.113049 0.180060
0 0.622189 0.467764 0.131785 0.211926
0 0.436788 0.667438 0.156331 0.324625
0 0.433237 0.400394 0.119512 0.204583
0 0.272382 0.036352 0.054910 0.072704
2 0.618313 0.185801 0.170542 0.371602
2 0.072400 0.178051 0.144800 0.355250
3 0.148676 0.317090 0.108528 0.189875
3 0.446156 0.159058 0.080750 0.140866
0 0.063678 0.505137 0.127356 0.196023
