3 0.399543 0.846153 0.244761 0.307694
3 0.169216 0.261088 0.098545 0.165741
3 0.447281 0.104282 0.073699 0.134870
0 0.619517 0.467424 0.133677 0.207931
0 0.258762 0.066095 0.066836 0.084495
0 0.218916 0.156278 0.081406 0.112120
0 0.098523 0.408954 0.125107 0.185241
0 0.337596 0.086407 0.063411 0.105620
0 0.308462 0.205028 0.087402 0.141370
0 0.275901 0.332583 0.104541 0.159241
0 0.435283 0.543012 0.137104 0.277866
0 0.433141 0.342333 0.110540 0.201491
2 0.618658 0.184715 0.169666 0.367236
2 0.072766 0.177697 0.145532 0.354884
