2 0.678745 0.299938 0.228101 0.524301
4 0.419734 0.771563 0.082041 0.291551
2 0.116813 0.102757 0.156633 0.205514
0 0.441975 0.396407 0.112153 0.190815
0 0.432317 0.257282 0.089722 0.144148
0 0.433876 0.168079 0.079128 0.119333
0 0.437457 0.097185 0.071340 0.107519
0 0.187469 0.669574 0.161047 0.272222
0 0.072627 0.500287 0.139517 0.209269
3 0.155171 0.279532 0.111704 0.189704
3 0.252190 0.087319 0.067290 0.115787
0 0.208247 0.199458 0.083076 0.117167
0 0.223436 0.135704 0.072947 0.088120
0 0.253461 0.460134 0.123816 0.177796
0 0.279386 0.324627 0.107791 0.151236
0 0.318640 0.239856 0.089722 0.134102
0 0.326274 0.159613 0.073989 0.111606
0 0.337260 0.099667 0.068352 0.132102
3 0.352020 0.057648 0.067068 0.115296
