2 0.673707 0.284259 0.222932 0.507148
2 0.081857 0.155875 0.163713 0.311750
4 0.460527 0.565245 0.066699 0.232167
0 0.442863 0.333225 0.103459 0.166653
0 0.434668 0.211074 0.083569 0.122093
0 0.433759 0.135306 0.072976 0.106426
0 0.435540 0.068046 0.065444 0.088204
0 0.104791 0.922620 0.194695 0.154759
0 0.198020 0.626310 0.154771 0.255898
0 0.253348 0.460076 0.127107 0.175810
0 0.109607 0.415063 0.125234 0.179356
3 0.160261 0.263711 0.107666 0.174394
0 0.279791 0.325398 0.108103 0.155963
0 0.318577 0.237669 0.088477 0.130560
0 0.327209 0.159727 0.076245 0.112000
0 0.338348 0.099669 0.068508 0.130940
3 0.350697 0.057100 0.064001 0.114199
0 0.209731 0.197100 0.080913 0.111588
0 0.224010 0.140694 0.073123 0.102972
3 0.252892 0.088181 0.067283 0.116102
