0 0.095703 0.431014 0.125322 0.187426
3 0.238146 0.106389 0.070413 0.133528
0 0.428649 0.042354 0.057493 0.084708
0 0.623480 0.474500 0.130491 0.200898
2 0.618313 0.185801 0.170542 0.371602
2 0.072400 0.176613 0.144800 0.353227
1 0.344412 0.071875 0.083979 0.143750
0 0.421608 0.799118 0.177649 0.325838
0 0.438080 0.286465 0.102068 0.153125
0 0.436788 0.424275 0.122737 0.210699
0 0.439373 0.186014 0.083979 0.104120
0 0.444863 0.102102 0.060078 0.083296
0 0.311141 0.219088 0.087209 0.138426
0 0.281104 0.338525 0.098193 0.151903
0 0.222318 0.525338 0.134368 0.221722
0 0.174514 0.238690 0.094316 0.138426
