0 0.159333 0.296264 0.105298 0.153120
0 0.197771 0.184176 0.080103 0.105352
0 0.234269 0.126602 0.066536 0.093102
0 0.259462 0.071477 0.057498 0.098000
2 0.043007 0.232565 0.086013 0.405472
0 0.460302 0.063882 0.058787 0.090653
0 0.325934 0.166787 0.078162 0.107815
0 0.030732 0.709701 0.061465 0.267051
2 0.165479 0.052275 0.100781 0.104551
3 0.448416 0.148653 0.080103 0.139648
2 0.613468 0.155176 0.155686 0.310352
0 0.481045 0.322602 0.111748 0.159250
0 0.432913 0.587199 0.144702 0.274398
0 0.244928 0.471438 0.114988 0.207023
0 0.283364 0.339139 0.104004 0.158028
0 0.319216 0.227051 0.083979 0.127398
0 0.062710 0.505125 0.125420 0.200898
