0 0.155135 0.290139 0.098191 0.145778
0 0.209070 0.585968 0.144067 0.225380
0 0.350452 0.052243 0.060142 0.084523
3 0.074708 0.487363 0.137595 0.236421
3 0.443571 0.258900 0.096252 0.169051
0 0.434528 0.830963 0.182815 0.338074
0 0.276260 0.035738 0.060078 0.071477
0 0.247834 0.092301 0.066538 0.093102
0 0.215535 0.163965 0.078164 0.111477
0 0.623158 0.466537 0.128552 0.199676
2 0.617990 0.183963 0.168606 0.367926
0 0.440342 0.148653 0.079458 0.127398
0 0.429365 0.524120 0.137588 0.248704
2 0.072722 0.180287 0.145444 0.360574
0 0.446478 0.058002 0.063308 0.075949
0 0.335691 0.122926 0.069121 0.085750
0 0.303066 0.212352 0.083979 0.129852
0 0.269153 0.367315 0.109175 0.175176
