0 0.468274 0.047164 0.049702 0.091162
2 0.071753 0.184556 0.143506 0.365611
0 0.351743 0.036229 0.064019 0.072458
0 0.418146 0.898981 0.204797 0.202037
0 0.270884 0.448442 0.122627 0.212866
1 0.319016 0.160829 0.112056 0.203120
3 0.432284 0.580225 0.145671 0.276236
3 0.171058 0.255887 0.101199 0.191745
2 0.641367 0.261653 0.209082 0.481139
0 0.426285 0.087868 0.068552 0.120245
0 0.437426 0.264176 0.094260 0.134870
0 0.257048 0.082100 0.055698 0.079782
0 0.065414 0.475255 0.130828 0.201491
0 0.183484 0.749866 0.163755 0.269741
0 0.228086 0.150266 0.074551 0.110495
0 0.451693 0.156766 0.067781 0.116995
0 0.692782 0.810965 0.183376 0.305486
0 0.438710 0.391731 0.115681 0.168991
