3 0.439695 0.358738 0.110464 0.192329
3 0.257526 0.059215 0.063953 0.112681
2 0.617344 0.185188 0.169897 0.370375
0 0.622834 0.468984 0.125322 0.197218
0 0.425161 0.661312 0.157622 0.285421
0 0.439695 0.225833 0.091084 0.132315
2 0.073368 0.177225 0.146736 0.354449
0 0.330522 0.122315 0.071704 0.109028
0 0.437762 0.135789 0.075574 0.089421
0 0.441957 0.055553 0.054265 0.083301
0 0.311143 0.214190 0.084624 0.123722
0 0.271737 0.336690 0.105295 0.162926
0 0.215212 0.582301 0.144702 0.237648
0 0.112177 0.906912 0.200906 0.186176
0 0.071802 0.487977 0.135659 0.196000
0 0.174514 0.251551 0.095605 0.139648
0 0.223610 0.135176 0.076228 0.110250
