2 0.641567 0.252164 0.192510 0.469171
2 0.114115 0.100664 0.158269 0.201329
0 0.217151 0.157227 0.077520 0.110250
3 0.426451 0.789938 0.175710 0.361375
0 0.259139 0.076988 0.063308 0.099227
1 0.339243 0.074326 0.090439 0.148653
0 0.709722 0.915488 0.211240 0.169023
0 0.444540 0.353838 0.107234 0.175176
0 0.445509 0.143141 0.074290 0.116375
0 0.311788 0.268701 0.089792 0.142097
0 0.323093 0.170701 0.082686 0.093097
0 0.224255 0.598225 0.144702 0.227847
0 0.066262 0.515539 0.132524 0.209477
0 0.166439 0.257065 0.093669 0.135972
