0 0.040100 0.630076 0.080200 0.240097
0 0.325935 0.166780 0.079458 0.100449
3 0.444540 0.314028 0.104651 0.200898
0 0.203584 0.634363 0.142119 0.246227
0 0.123480 0.381400 0.117571 0.176403
2 0.618959 0.176613 0.165374 0.353227
0 0.587628 0.616600 0.171189 0.235199
2 0.073691 0.163750 0.147383 0.327500
1 0.340211 0.072488 0.093669 0.144977
0 0.455522 0.127213 0.071060 0.101676
0 0.458752 0.053715 0.062017 0.074727
0 0.316310 0.233789 0.080750 0.128625
0 0.269799 0.391813 0.111755 0.170273
0 0.192603 0.195815 0.083979 0.123722
0 0.233623 0.125988 0.067827 0.099227
0 0.259139 0.073315 0.060725 0.106574
