0 0.234592 0.515539 0.122739 0.202125
3 0.450031 0.200102 0.087209 0.151898
0 0.259398 0.075519 0.060076 0.099222
0 0.325289 0.166169 0.078167 0.111477
2 0.616052 0.160687 0.156978 0.321375
0 0.420638 0.838313 0.183464 0.323375
2 0.058511 0.209076 0.117021 0.418153
0 0.518831 0.449389 0.138242 0.192324
0 0.458429 0.091076 0.065247 0.088199
0 0.281426 0.348937 0.105298 0.160477
0 0.318571 0.233176 0.085271 0.132296
0 0.052698 0.560252 0.105396 0.222949
0 0.143831 0.339139 0.111758 0.172722
0 0.198417 0.189076 0.081394 0.124949
0 0.234592 0.127826 0.067183 0.100449
