0 0.040422 0.623949 0.080845 0.225398
0 0.623480 0.465926 0.130491 0.200898
2 0.619282 0.184576 0.172480 0.369153
2 0.072400 0.178451 0.144800 0.356903
0 0.429359 0.469602 0.128552 0.227852
0 0.441633 0.105778 0.071704 0.117602
0 0.436143 0.776463 0.170542 0.368722
0 0.239436 0.477569 0.127261 0.204583
0 0.284657 0.301778 0.100129 0.159250
0 0.316633 0.167639 0.078813 0.123722
0 0.344735 0.084340 0.061370 0.096773
0 0.181943 0.230113 0.093667 0.135977
3 0.446802 0.212352 0.088501 0.159250
3 0.117666 0.394875 0.122739 0.215602
0 0.230070 0.135789 0.074934 0.118829
0 0.258171 0.067190 0.062661 0.101676
