0 0.247189 0.466537 0.113049 0.199676
0 0.260367 0.080419 0.062014 0.109023
0 0.327228 0.166169 0.079456 0.109023
2 0.119606 0.107400 0.156331 0.214801
3 0.447770 0.080664 0.069768 0.106579
2 0.612175 0.154563 0.153101 0.309125
0 0.436786 0.315854 0.102063 0.184958
0 0.427098 0.845662 0.166667 0.308676
0 0.455522 0.190301 0.082686 0.129852
0 0.285303 0.331789 0.101421 0.148227
0 0.317925 0.233176 0.081396 0.127398
0 0.054312 0.571275 0.108623 0.242551
0 0.097318 0.420602 0.122092 0.188648
0 0.178390 0.255225 0.094314 0.137199
0 0.200676 0.176822 0.076870 0.105338
0 0.234269 0.126602 0.067830 0.100454
