3 0.448307 0.054333 0.058269 0.108667
0 0.287212 0.283347 0.092544 0.151120
0 0.276927 0.037273 0.058269 0.074546
0 0.240510 0.111919 0.072837 0.110495
0 0.129969 0.343470 0.110540 0.170616
2 0.072252 0.175745 0.144504 0.350981
0 0.053198 0.585586 0.106396 0.238866
3 0.403322 0.779387 0.221936 0.441227
3 0.187811 0.224039 0.092546 0.155995
0 0.346337 0.052606 0.059983 0.095870
0 0.435454 0.263037 0.099399 0.152741
0 0.441881 0.438528 0.120823 0.237241
2 0.617802 0.189590 0.171379 0.367236
0 0.618660 0.464204 0.138818 0.201491
0 0.318060 0.177727 0.082263 0.138120
