2 0.073229 0.178350 0.146458 0.356699
0 0.427034 0.058981 0.059434 0.112704
0 0.264890 0.078581 0.051680 0.090653
3 0.434941 0.475935 0.130693 0.234185
3 0.223114 0.134699 0.079285 0.148389
0 0.062997 0.516981 0.125994 0.206694
0 0.634941 0.523708 0.144063 0.228333
2 0.623108 0.190243 0.178003 0.380486
0 0.420031 0.836488 0.187249 0.327023
0 0.438025 0.318968 0.108071 0.158139
0 0.438540 0.203921 0.088535 0.115241
0 0.448314 0.118125 0.064895 0.095741
0 0.183527 0.672877 0.162571 0.269282
0 0.260645 0.420373 0.117334 0.185458
0 0.300751 0.278019 0.094705 0.158139
1 0.337250 0.094697 0.095740 0.189394
0 0.141367 0.303368 0.111157 0.173736
