0 0.247512 0.462863 0.113696 0.184977
0 0.461013 0.235014 0.093667 0.135972
0 0.436788 0.410190 0.118865 0.207028
2 0.147061 0.077389 0.131138 0.154778
2 0.611853 0.154563 0.152456 0.309125
0 0.260432 0.077602 0.060723 0.102898
3 0.449063 0.104551 0.071060 0.129852
0 0.325613 0.169843 0.080103 0.106574
0 0.234586 0.124775 0.065901 0.099245
0 0.199708 0.182951 0.078811 0.110245
0 0.172577 0.274826 0.095608 0.154347
0 0.079553 0.453065 0.127905 0.187426
0 0.043976 0.627625 0.087952 0.257250
0 0.318572 0.232565 0.083979 0.123722
0 0.285948 0.336076 0.101423 0.151903
