3 0.244443 0.442609 0.160962 0.304208
3 0.101831 0.400387 0.121499 0.211968
3 0.235179 0.092340 0.092214 0.182542
0 0.417328 0.697000 0.161013 0.299102
0 0.446398 0.321285 0.102874 0.168542
0 0.565099 0.117118 0.080803 0.121579
0 0.439155 0.140873 0.074800 0.115255
0 0.429980 0.067648 0.064487 0.123472
0 0.037637 0.635463 0.075273 0.230537
0 0.151354 0.267090 0.100237 0.189523
3 0.198479 0.195961 0.082310 0.151625
0 0.298528 0.293484 0.101016 0.162458
0 0.316096 0.190005 0.087642 0.128815
0 0.326589 0.134623 0.063193 0.100921
