3 0.264380 0.361046 0.145361 0.265417
3 0.101233 0.394928 0.118506 0.204875
3 0.216348 0.150572 0.074277 0.134356
3 0.248529 0.071440 0.086355 0.142880
0 0.133188 0.813685 0.195146 0.346241
0 0.435999 0.900248 0.189761 0.199505
0 0.449906 0.540141 0.130544 0.214458
0 0.219771 0.602711 0.140415 0.239042
0 0.053248 0.541035 0.106497 0.200764
0 0.435801 0.369266 0.107329 0.171560
0 0.169385 0.228044 0.095952 0.179005
0 0.435837 0.256042 0.097197 0.147102
0 0.554922 0.050366 0.065142 0.100731
0 0.445001 0.175576 0.079128 0.111060
0 0.305225 0.284762 0.089746 0.150662
0 0.316476 0.191329 0.085671 0.127565
0 0.438817 0.108252 0.070310 0.097662
0 0.327726 0.135727 0.066633 0.101741
