0 0.556581 0.067053 0.066228 0.109338
0 0.436034 0.685567 0.151809 0.276644
0 0.203477 0.674850 0.152886 0.263375
3 0.100387 0.397694 0.121125 0.201102
3 0.263505 0.363498 0.143743 0.267458
3 0.200288 0.186435 0.080933 0.142769
3 0.233605 0.087269 0.086125 0.174537
0 0.151439 0.264701 0.097571 0.180773
2 0.132972 0.084181 0.164563 0.168361
0 0.053091 0.538398 0.106182 0.201611
0 0.432418 0.374192 0.114021 0.187931
0 0.445312 0.210081 0.085986 0.134764
0 0.438289 0.111975 0.071133 0.103875
0 0.304723 0.287479 0.090598 0.153597
0 0.316262 0.199289 0.088340 0.144616
0 0.326545 0.133676 0.065356 0.105843
