1 0.444185 0.208125 0.120220 0.322296
2 0.067716 0.181574 0.135432 0.363148
0 0.444832 0.683424 0.156396 0.263495
0 0.429004 0.446389 0.115698 0.203472
0 0.433527 0.917387 0.217766 0.165227
0 0.033478 0.649185 0.066956 0.224176
0 0.057380 0.478299 0.114761 0.188653
0 0.245542 0.537037 0.133784 0.210824
0 0.276549 0.363088 0.114407 0.171620
3 0.189340 0.165556 0.107947 0.220000
0 0.309714 0.262157 0.096294 0.156611
0 0.333857 0.175903 0.079160 0.117620
0 0.255818 0.068387 0.065142 0.088079
0 0.336973 0.094380 0.064829 0.088083
0 0.354106 0.037604 0.055483 0.075208
