1 0.444993 0.229993 0.120156 0.333199
3 0.131685 0.292465 0.138242 0.291551
0 0.053246 0.500104 0.106492 0.202125
0 0.032573 0.662414 0.065146 0.230301
0 0.244410 0.539854 0.138889 0.205921
0 0.443378 0.689306 0.160852 0.269620
0 0.428843 0.474317 0.121445 0.197347
0 0.433364 0.920632 0.218345 0.158736
0 0.266376 0.389792 0.125969 0.163046
0 0.302550 0.286280 0.104006 0.156921
0 0.199161 0.212748 0.077625 0.130458
0 0.269386 0.039299 0.061790 0.078597
0 0.340779 0.081060 0.064385 0.096491
0 0.331042 0.186162 0.083335 0.119620
0 0.331133 0.121382 0.071362 0.088032
0 0.432781 0.040148 0.069048 0.075213
