0 0.594314 0.190669 0.094380 0.153125
1 0.444120 0.228637 0.123450 0.327088
3 0.124678 0.301532 0.144766 0.286648
3 0.236110 0.075428 0.091150 0.150856
2 0.087871 0.142803 0.175742 0.285606
0 0.428617 0.553880 0.133787 0.232750
0 0.441536 0.846766 0.182881 0.306468
0 0.052665 0.504269 0.105330 0.199676
0 0.031992 0.667806 0.063984 0.232750
0 0.244508 0.539792 0.138953 0.216824
0 0.269702 0.392183 0.119575 0.173949
0 0.190890 0.245183 0.071770 0.124949
0 0.202842 0.169231 0.077583 0.120046
0 0.301681 0.290507 0.094377 0.164153
0 0.328811 0.196181 0.084043 0.129852
0 0.329133 0.125137 0.067896 0.095560
