2 0.086230 0.131162 0.172461 0.262324
2 0.713464 0.402153 0.276538 0.673889
1 0.184561 0.152266 0.131201 0.259819
3 0.433590 0.337238 0.127971 0.279421
3 0.072802 0.455514 0.142830 0.273176
0 0.205878 0.598838 0.162209 0.336870
0 0.415536 0.899562 0.192507 0.200875
0 0.029796 0.678463 0.059592 0.231528
0 0.159043 0.318312 0.103423 0.165375
0 0.290826 0.294363 0.108591 0.188773
0 0.492430 0.069368 0.072200 0.097032
0 0.429475 0.152097 0.079209 0.109787
0 0.316675 0.196157 0.087256 0.142769
0 0.332250 0.134127 0.074275 0.097477
0 0.342897 0.082442 0.067527 0.085671
0 0.346010 0.032356 0.057659 0.064713
3 0.258651 0.069391 0.065188 0.112736
0 0.465054 0.032850 0.061528 0.065699
