2 0.712911 0.404259 0.275271 0.683546
0 0.436835 0.239678 0.089412 0.167773
0 0.443984 0.103479 0.071060 0.104032
3 0.142618 0.833852 0.203005 0.332296
3 0.078456 0.430130 0.150388 0.263130
1 0.186207 0.150213 0.130232 0.261889
0 0.214889 0.594331 0.140310 0.235199
0 0.258230 0.400030 0.130513 0.265125
0 0.165327 0.308229 0.097983 0.152412
0 0.036786 0.644456 0.073572 0.224912
0 0.295259 0.276127 0.106577 0.174273
0 0.318000 0.193715 0.085391 0.138236
0 0.333265 0.132275 0.073552 0.102792
3 0.257954 0.067319 0.067715 0.118194
0 0.343086 0.079852 0.068364 0.084102
0 0.346331 0.032850 0.057979 0.065699
3 0.431886 0.037407 0.062649 0.074815
