2 0.712565 0.406685 0.279070 0.676343
1 0.183740 0.150354 0.131978 0.261588
3 0.426439 0.505544 0.156589 0.357208
3 0.062445 0.506275 0.124890 0.291060
0 0.123094 0.850072 0.220930 0.299856
2 0.086483 0.134509 0.172966 0.269019
0 0.144153 0.348569 0.108525 0.167824
0 0.278197 0.352859 0.118215 0.215597
0 0.429203 0.206002 0.087229 0.135875
0 0.471260 0.123789 0.071133 0.112245
0 0.453606 0.046634 0.064902 0.093269
0 0.317699 0.195912 0.085413 0.143259
0 0.332655 0.138222 0.073264 0.099759
0 0.342383 0.080926 0.065723 0.086574
0 0.345868 0.029403 0.055037 0.058806
3 0.257684 0.069637 0.064490 0.117329
