2 0.085881 0.133421 0.171763 0.266843
2 0.713611 0.405650 0.279922 0.683708
3 0.434624 0.238810 0.114404 0.236426
1 0.184948 0.149387 0.131848 0.260921
3 0.076663 0.435424 0.153325 0.267051
0 0.424288 0.630197 0.144124 0.254801
0 0.120671 0.889211 0.193218 0.221579
0 0.035642 0.643671 0.071284 0.220500
0 0.242118 0.445836 0.142830 0.275625
0 0.162452 0.311801 0.099172 0.163935
0 0.294854 0.276856 0.104365 0.179713
0 0.428995 0.102088 0.074421 0.093130
0 0.317676 0.191933 0.085908 0.133329
3 0.257424 0.070273 0.067520 0.112454
0 0.332279 0.135933 0.074011 0.103384
0 0.343638 0.080755 0.067305 0.084102
0 0.346017 0.031454 0.056487 0.062907
