2 0.713951 0.400632 0.276550 0.667625
3 0.141278 0.833535 0.204846 0.332931
1 0.185852 0.150120 0.131201 0.262148
3 0.079586 0.431870 0.153811 0.264602
0 0.036578 0.643792 0.073157 0.230287
0 0.213953 0.596634 0.142183 0.241324
0 0.259172 0.399407 0.129263 0.265824
0 0.164857 0.311822 0.102131 0.156801
0 0.431331 0.327743 0.102778 0.195995
0 0.295024 0.281194 0.102778 0.183750
3 0.257924 0.070322 0.068303 0.113708
0 0.442378 0.141685 0.074795 0.111806
0 0.318024 0.194139 0.086736 0.143750
0 0.333210 0.131863 0.073496 0.096986
0 0.343466 0.081648 0.065447 0.088120
0 0.346324 0.031840 0.056614 0.063681
3 0.429917 0.041440 0.072197 0.082880
