2 0.709745 0.393382 0.276179 0.667375
1 0.185121 0.150097 0.131008 0.257250
3 0.143649 0.833400 0.204651 0.333199
3 0.078917 0.428662 0.154270 0.261657
0 0.036941 0.639606 0.073882 0.213148
0 0.213804 0.598447 0.141860 0.236671
0 0.257996 0.397792 0.129468 0.264602
0 0.166516 0.313266 0.096899 0.154347
0 0.438422 0.176556 0.080300 0.143000
0 0.446047 0.082553 0.066841 0.092810
0 0.295535 0.279532 0.104985 0.178648
0 0.318193 0.193611 0.085684 0.137815
0 0.333895 0.133637 0.073123 0.097829
3 0.254941 0.073664 0.072227 0.125903
0 0.343311 0.077859 0.069341 0.083690
0 0.346814 0.027852 0.058179 0.055704
3 0.431190 0.036891 0.062986 0.073782
