0 0.194767 0.621257 0.158333 0.259699
0 0.436368 0.503044 0.140247 0.243773
0 0.356580 0.048569 0.059497 0.094324
1 0.311724 0.174132 0.116924 0.213153
0 0.188662 0.200468 0.096899 0.155574
2 0.612533 0.106981 0.114910 0.213963
0 0.356580 0.048569 0.059497 0.094324
0 0.249062 0.087769 0.070415 0.106574
0 0.435754 0.092669 0.062661 0.113921
0 0.311724 0.174132 0.116924 0.213153
0 0.110820 0.424030 0.127261 0.181301
2 0.048142 0.220683 0.096284 0.352801
0 0.194767 0.621257 0.158333 0.259699
0 0.110820 0.429537 0.127261 0.192315
0 0.288756 0.030806 0.054324 0.061250
0 0.249062 0.087769 0.070415 0.106574
0 0.435754 0.092669 0.062661 0.113921
0 0.188662 0.200468 0.096899 0.155574
0 0.436368 0.503044 0.140247 0.243773
0 0.288756 0.030806 0.054324 0.061250
