0 0.236788 0.133093 0.076873 0.118824
0 0.421543 0.345630 0.098838 0.176398
0 0.342085 0.098794 0.069121 0.101671
0 0.163146 0.261106 0.100129 0.156796
0 0.310109 0.219456 0.095608 0.154347
0 0.369508 0.025294 0.051746 0.050227
0 0.273578 0.046120 0.066604 0.089426
0 0.421543 0.345630 0.098838 0.176398
0 0.163146 0.261106 0.100129 0.156796
0 0.342085 0.098794 0.069121 0.101671
0 0.236788 0.133093 0.076873 0.118824
0 0.442828 0.039993 0.058850 0.079625
0 0.369508 0.025294 0.051746 0.050227
0 0.434785 0.138606 0.086563 0.147000
0 0.310109 0.219456 0.095608 0.154347
0 0.056112 0.520806 0.112224 0.240102
1 0.200613 0.558169 0.212534 0.407921
2 0.064938 0.194958 0.129875 0.367500
2 0.610225 0.112405 0.117471 0.206366
0 0.273578 0.046120 0.066604 0.089426
0 0.434785 0.138606 0.086563 0.147000
0 0.442828 0.039993 0.058850 0.079625
1 0.200613 0.558169 0.212534 0.407921
0 0.056541 0.520806 0.113081 0.240102
