0 0.303003 0.256206 0.098193 0.173949
0 0.365956 0.032644 0.052390 0.062472
0 0.365956 0.032644 0.052390 0.062472
2 0.064938 0.195567 0.129875 0.361375
2 0.610937 0.105231 0.115869 0.210463
0 0.049111 0.559391 0.098223 0.238875
0 0.049111 0.559391 0.098223 0.238875
0 0.268766 0.050618 0.069768 0.096773
0 0.434463 0.158206 0.091084 0.151903
0 0.232589 0.138606 0.078811 0.122500
0 0.337563 0.117169 0.072998 0.116375
0 0.421221 0.381155 0.104648 0.186199
0 0.152487 0.280093 0.104651 0.175176
0 0.442859 0.051644 0.057495 0.093102
1 0.188345 0.600426 0.224150 0.431185
