0 0.099003 0.400961 0.121438 0.189144
0 0.049012 0.571579 0.098025 0.210593
0 0.322653 0.187447 0.075168 0.120894
0 0.279979 0.254725 0.086477 0.126755
0 0.268153 0.376588 0.112185 0.175491
1 0.149387 0.737322 0.257173 0.506977
0 0.439877 0.184421 0.081335 0.119139
0 0.442961 0.304343 0.085449 0.156185
0 0.432164 0.500310 0.127610 0.220537
1 0.340648 0.078153 0.082366 0.156185
0 0.241420 0.144546 0.066941 0.105296
0 0.260442 0.063625 0.070024 0.099444
0 0.195146 0.210845 0.085449 0.144292
0 0.155558 0.295667 0.102932 0.154046
