0 0.445017 0.127875 0.075166 0.087944
1 0.149387 0.738296 0.257173 0.501130
0 0.265070 0.387313 0.114241 0.177440
0 0.282036 0.250817 0.090591 0.130644
0 0.323680 0.191345 0.068997 0.120894
1 0.337562 0.097748 0.086477 0.163792
0 0.095403 0.411685 0.126582 0.191093
0 0.154529 0.295667 0.098818 0.154046
0 0.195145 0.207919 0.089563 0.142347
0 0.241423 0.142597 0.069009 0.109194
0 0.429080 0.741125 0.164629 0.280981
0 0.261984 0.063625 0.068997 0.095546
0 0.441932 0.323840 0.091619 0.160088
0 0.439877 0.206845 0.087507 0.136690
