1 0.341676 0.076204 0.088533 0.152287
0 0.264607 0.380488 0.111055 0.159894
1 0.152524 0.740942 0.261182 0.518116
0 0.105737 0.390236 0.128535 0.191093
0 0.432731 0.410711 0.112083 0.200838
0 0.440956 0.267394 0.087405 0.109194
0 0.437871 0.179646 0.085347 0.120894
0 0.325275 0.176720 0.074036 0.122847
0 0.281060 0.260567 0.090488 0.138440
0 0.051069 0.560856 0.102139 0.200843
0 0.157152 0.293718 0.099744 0.138444
0 0.240956 0.139674 0.065808 0.107245
0 0.258900 0.065479 0.066941 0.107440
0 0.195198 0.202069 0.087402 0.134546
